IT  2016 3   0
IT  2017 0  -1
IT  2017 1   0
IT  2017 2   1
IT  2017 3   1
IT  2018 0   1
IT  2018 1   1
IT  2018 2   0
IT  2018 3   0
IT  2019 0   0
IT  2019 1   0
IT  2019 2   1
IT  2019 3   0
IT  2020 0   0
IT  2020 1   0
IT  2020 2   0
IT  2020 3   0
BIO 2016 3   0
BIO 2017 0   1
BIO 2017 1   0
BIO 2017 2   1
BIO 2017 3   0
BIO 2018 0   0
BIO 2018 1   0
BIO 2018 2   0
BIO 2018 3   0
BIO 2019 0   0
BIO 2019 1   0
BIO 2019 2   0
BIO 2019 3   0
BIO 2020 0   0
BIO 2020 1   0
BIO 2020 2   0
BIO 2020 3   0
