0 2017   3 0 102.2
0 2017   4 0 102.2
0 2017   5 0 102.2
0 2017   6 0 102.2
0 2017   9 0 102.2
0 2017  10 0 104.3
0 2017  11 0 106.8
0 2017  12 0 106.8
0 2017  13 0 108.9
0 2017  17 0 108.9
0 2017  18 0 107.5
0 2017  19 0 108.2
0 2017  20 0 108.2
0 2017  23 0 108.2
0 2017  24 0 108.6
0 2017  25 0 106.8
0 2017  26 0 104.4
0 2017  27 0 106.9
0 2017  30 0 109.2
0 2017  31 0 108.5
0 2017  32 0 108.5
0 2017  33 0 108.7
0 2017  34 0 109.4
0 2017  37 0 109.1
0 2017  38 0 109.1
0 2017  39 0 107.8
0 2017  40 0 109.4
0 2017  41 0 109.9
0 2017  44 0 107.6
0 2017  45 0 106.0
0 2017  46 0 107.5
0 2017  47 0 108.2
0 2017  48 0 108.2
0 2017  52 0 110.5
0 2017  53 0 107.7
0 2017  54 0 110.6
0 2017  55 0 113.3
0 2017  58 0 114.1
0 2017  59 0 114.1
0 2017  60 0 116.8
0 2017  61 0 116.8
0 2017  62 0 119.4
0 2017  65 0 119.4
0 2017  66 0 119.4
0 2017  67 0 120.3
0 2017  68 0 122.6
0 2017  69 0 121.8
0 2017  72 0 124.8
0 2017  73 0 122.4
0 2017  74 0 122.4
0 2017  75 0 122.7
0 2017  76 0 123.4
0 2017  79 0 121.0
0 2017  80 0 121.0
0 2017  81 0 122.8
0 2017  82 0 123.3
0 2017  83 0 123.3
0 2017  86 0 126.1
0 2017  87 0 126.1
0 2017  88 0 126.1
0 2017  89 0 126.1
0 2017  90 0 124.9
0 2017  93 1 124.9
0 2017  94 1 124.9
0 2017  95 1 123.9
0 2017  96 1 121.1
0 2017  97 1 121.1
0 2017 100 1 121.1
0 2017 101 1 121.4
0 2017 102 1 123.4
0 2017 103 1 123.7
0 2017 104 1 124.9
0 2017 107 1 124.9
0 2017 108 1 124.9
0 2017 109 1 123.5
0 2017 110 1 123.5
0 2017 111 1 123.5
0 2017 114 1 123.5
0 2017 115 1 123.5
0 2017 116 1 125.0
0 2017 117 1 126.7
0 2017 118 1 126.7
0 2017 121 1 127.5
0 2017 122 1 127.5
0 2017 123 1 127.9
0 2017 124 1 128.0
0 2017 125 1 128.0
0 2017 128 1 128.0
0 2017 129 1 129.0
0 2017 130 1 128.2
0 2017 131 1 130.4
0 2017 132 1 130.4
0 2017 135 1 129.9
0 2017 136 1 131.1
0 2017 137 1 130.2
0 2017 138 1 131.9
0 2017 139 1 133.8
0 2017 142 1 135.0
0 2017 143 1 134.7
0 2017 144 1 132.8
0 2017 145 1 130.2
0 2017 146 1 130.9
0 2017 150 1 133.0
0 2017 151 1 133.0
0 2017 152 1 133.8
0 2017 153 1 133.8
0 2017 156 1 134.5
0 2017 157 1 134.5
0 2017 158 1 133.5
0 2017 159 1 136.1
0 2017 160 1 138.7
0 2017 163 1 138.9
0 2017 164 1 140.2
0 2017 165 1 141.8
0 2017 166 1 144.5
0 2017 167 1 141.8
0 2017 170 1 143.9
0 2017 171 1 144.8
0 2017 172 1 147.5
0 2017 173 1 149.8
0 2017 174 1 149.8
0 2017 177 1 149.8
0 2017 178 1 147.3
0 2017 179 1 149.3
0 2017 180 1 149.7
0 2017 181 1 149.7
0 2017 184 2 152.4
0 2017 186 2 152.1
0 2017 187 2 154.9
0 2017 188 2 154.9
0 2017 191 2 154.6
0 2017 192 2 154.6
0 2017 193 2 154.6
0 2017 194 2 157.1
0 2017 195 2 157.1
0 2017 198 2 157.1
0 2017 199 2 159.4
0 2017 200 2 161.4
0 2017 201 2 163.5
0 2017 202 2 163.5
0 2017 205 2 161.1
0 2017 206 2 158.7
0 2017 207 2 158.7
0 2017 208 2 160.3
0 2017 209 2 161.6
0 2017 212 2 161.6
0 2017 213 2 164.1
0 2017 214 2 164.9
0 2017 215 2 165.2
0 2017 216 2 167.3
0 2017 219 2 167.3
0 2017 220 2 165.8
0 2017 221 2 167.6
0 2017 222 2 168.9
0 2017 223 2 167.7
0 2017 226 2 166.0
0 2017 227 2 163.1
0 2017 228 2 163.1
0 2017 229 2 164.7
0 2017 230 2 166.5
0 2017 233 2 164.8
0 2017 234 2 164.8
0 2017 235 2 165.0
0 2017 236 2 166.8
0 2017 237 2 164.1
0 2017 240 2 164.1
0 2017 241 2 165.7
0 2017 242 2 165.7
0 2017 243 2 167.9
0 2017 244 2 167.9
0 2017 248 2 166.7
0 2017 249 2 167.3
0 2017 250 2 169.8
0 2017 251 2 169.4
0 2017 254 2 171.4
0 2017 255 2 169.1
0 2017 256 2 170.7
0 2017 257 2 173.5
0 2017 258 2 173.5
0 2017 261 2 174.6
0 2017 262 2 177.0
0 2017 263 2 177.0
0 2017 264 2 177.9
0 2017 265 2 177.9
0 2017 268 2 179.9
0 2017 269 2 179.8
0 2017 270 2 182.0
0 2017 271 2 183.9
0 2017 272 2 181.6
0 2017 275 3 182.8
0 2017 276 3 185.4
0 2017 277 3 188.3
0 2017 278 3 189.6
0 2017 279 3 191.4
0 2017 283 3 191.4
0 2017 284 3 191.4
0 2017 285 3 193.3
0 2017 286 3 193.3
0 2017 289 3 195.6
0 2017 290 3 192.6
0 2017 291 3 190.4
0 2017 292 3 191.3
0 2017 293 3 191.3
0 2017 296 3 194.0
0 2017 297 3 193.6
0 2017 298 3 195.5
0 2017 299 3 196.0
0 2017 300 3 196.0
0 2017 303 3 194.1
0 2017 304 3 191.6
0 2017 305 3 191.6
0 2017 306 3 192.5
0 2017 307 3 191.2
0 2017 310 3 194.2
0 2017 311 3 192.8
0 2017 312 3 195.2
0 2017 313 3 196.7
0 2017 317 3 196.9
0 2017 318 3 194.2
0 2017 319 3 193.2
0 2017 320 3 195.2
0 2017 321 3 195.8
0 2017 324 3 195.8
0 2017 325 3 195.8
0 2017 326 3 194.9
0 2017 328 3 192.7
0 2017 331 3 193.4
0 2017 332 3 193.0
0 2017 333 3 193.6
0 2017 334 3 196.6
0 2017 335 3 194.5
0 2017 338 3 194.5
0 2017 339 3 197.3
0 2017 340 3 200.2
0 2017 341 3 202.4
0 2017 342 3 200.7
0 2017 345 3 200.7
0 2017 346 3 203.3
0 2017 347 3 203.1
0 2017 348 3 203.2
0 2017 349 3 203.2
0 2017 352 3 203.2
0 2017 353 3 203.2
0 2017 354 3 204.7
0 2017 355 3 204.7
0 2017 356 3 204.7
0 2017 360 3 206.8
0 2017 361 3 209.1
0 2017 362 3 211.4
0 2017 363 3 209.7
0 2018   2 0 208.1
0 2018   3 0 209.7
0 2018   4 0 209.7
0 2018   5 0 209.9
0 2018   8 0 212.8
0 2018   9 0 211.2
0 2018  10 0 213.7
0 2018  11 0 214.1
0 2018  12 0 214.1
0 2018  16 0 214.9
0 2018  17 0 213.3
0 2018  18 0 213.3
0 2018  19 0 211.6
0 2018  22 0 213.9
0 2018  23 0 213.2
0 2018  24 0 211.5
0 2018  25 0 213.1
0 2018  26 0 215.4
0 2018  29 0 212.7
0 2018  30 0 213.4
0 2018  31 0 214.9
0 2018  32 0 214.9
0 2018  33 0 215.5
0 2018  36 0 213.2
0 2018  37 0 211.0
0 2018  38 0 209.0
0 2018  39 0 209.0
0 2018  40 0 209.0
0 2018  43 0 209.0
0 2018  44 0 211.4
0 2018  45 0 208.9
0 2018  46 0 207.0
0 2018  47 0 209.7
0 2018  51 0 212.4
0 2018  52 0 212.4
0 2018  53 0 214.0
0 2018  54 0 212.7
0 2018  57 0 212.7
0 2018  58 0 210.6
0 2018  59 0 212.5
0 2018  60 0 212.8
0 2018  61 0 211.8
0 2018  64 0 209.6
0 2018  65 0 211.1
0 2018  66 0 208.3
0 2018  67 0 208.3
0 2018  68 0 208.3
0 2018  71 0 208.3
0 2018  72 0 209.3
0 2018  73 0 212.2
0 2018  74 0 212.6
0 2018  75 0 211.1
0 2018  78 0 208.7
0 2018  79 0 211.6
0 2018  80 0 209.4
0 2018  81 0 207.6
0 2018  82 0 210.4
0 2018  85 0 212.6
0 2018  86 0 212.6
0 2018  87 0 213.3
0 2018  88 0 213.3
0 2018  89 0 213.3
0 2018  92 1 214.8
0 2018  93 1 216.6
0 2018  94 1 216.6
0 2018  95 1 215.4
0 2018  96 1 212.8
0 2018  99 1 211.3
0 2018 100 1 209.6
0 2018 101 1 209.6
0 2018 102 1 208.0
0 2018 103 1 205.5
0 2018 106 1 205.9
0 2018 107 1 208.2
0 2018 108 1 209.1
0 2018 109 1 206.1
0 2018 110 1 207.3
0 2018 113 1 207.3
0 2018 114 1 204.7
0 2018 115 1 204.7
0 2018 116 1 202.9
0 2018 117 1 202.9
0 2018 120 1 203.3
0 2018 121 1 203.8
0 2018 122 1 204.2
0 2018 123 1 204.2
0 2018 124 1 203.3
0 2018 127 1 205.1
0 2018 128 1 205.1
0 2018 129 1 205.5
0 2018 130 1 205.6
0 2018 131 1 208.0
0 2018 134 1 210.9
0 2018 135 1 213.2
0 2018 136 1 213.2
0 2018 137 1 213.2
0 2018 138 1 213.2
0 2018 141 1 213.2
0 2018 142 1 211.8
0 2018 143 1 212.9
0 2018 144 1 210.7
0 2018 145 1 210.9
0 2018 149 1 208.6
0 2018 150 1 208.6
0 2018 151 1 206.2
0 2018 152 1 206.2
0 2018 155 1 204.6
0 2018 156 1 204.4
0 2018 157 1 204.4
0 2018 158 1 205.6
0 2018 159 1 205.6
0 2018 162 1 203.5
0 2018 163 1 203.8
0 2018 164 1 203.0
0 2018 165 1 203.7
0 2018 166 1 203.3
0 2018 169 1 202.8
0 2018 170 1 202.8
0 2018 171 1 202.8
0 2018 172 1 203.2
0 2018 173 1 200.4
0 2018 176 1 199.1
0 2018 177 1 199.1
0 2018 178 1 198.5
0 2018 179 1 199.8
0 2018 180 1 200.5
0 2018 183 2 199.1
0 2018 184 2 199.0
0 2018 186 2 199.3
0 2018 187 2 199.3
0 2018 190 2 199.4
0 2018 191 2 196.7
0 2018 192 2 198.2
0 2018 193 2 200.8
0 2018 194 2 201.9
0 2018 197 2 199.7
0 2018 198 2 199.7
0 2018 199 2 199.7
0 2018 200 2 200.6
0 2018 201 2 200.6
0 2018 204 2 200.6
0 2018 205 2 198.3
0 2018 206 2 199.4
0 2018 207 2 201.9
0 2018 208 2 203.6
0 2018 211 2 205.5
0 2018 212 2 205.5
0 2018 213 2 205.5
0 2018 214 2 207.5
0 2018 215 2 207.5
0 2018 218 2 205.9
0 2018 219 2 205.2
0 2018 220 2 207.0
0 2018 221 2 208.7
0 2018 222 2 211.1
0 2018 225 2 210.6
0 2018 226 2 210.6
0 2018 227 2 210.6
0 2018 228 2 212.2
0 2018 229 2 211.9
0 2018 232 2 211.9
0 2018 233 2 210.1
0 2018 234 2 210.1
0 2018 235 2 212.7
0 2018 236 2 212.7
0 2018 239 2 212.2
0 2018 240 2 211.7
0 2018 241 2 212.8
0 2018 242 2 215.6
0 2018 243 2 213.6
0 2018 247 2 212.9
0 2018 248 2 212.9
0 2018 249 2 215.7
0 2018 250 2 215.1
0 2018 253 2 212.6
0 2018 254 2 212.6
0 2018 255 2 214.1
0 2018 256 2 217.1
0 2018 257 2 214.7
0 2018 260 2 213.6
0 2018 261 2 215.3
0 2018 262 2 215.3
0 2018 263 2 217.2
0 2018 264 2 216.0
0 2018 267 2 219.0
0 2018 268 2 217.1
0 2018 269 2 217.5
0 2018 270 2 218.1
0 2018 271 2 220.1
0 2018 274 3 223.0
0 2018 275 3 222.0
0 2018 276 3 221.3
0 2018 277 3 223.2
0 2018 278 3 222.9
0 2018 282 3 223.5
0 2018 283 3 223.9
0 2018 284 3 224.5
0 2018 285 3 227.3
0 2018 288 3 224.7
0 2018 289 3 226.1
0 2018 290 3 226.1
0 2018 291 3 228.1
0 2018 292 3 228.1
0 2018 295 3 226.8
0 2018 296 3 228.1
0 2018 297 3 225.5
0 2018 298 3 225.6
0 2018 299 3 227.7
0 2018 302 3 225.6
0 2018 303 3 225.6
0 2018 304 3 225.6
0 2018 305 3 228.2
0 2018 306 3 228.2
0 2018 309 3 227.2
0 2018 310 3 227.2
0 2018 311 3 228.8
0 2018 312 3 229.6
0 2018 313 3 230.8
0 2018 317 3 228.0
0 2018 318 3 226.2
0 2018 319 3 228.2
0 2018 320 3 229.4
0 2018 323 3 231.9
0 2018 324 3 231.9
0 2018 325 3 233.6
0 2018 327 3 232.0
0 2018 330 3 232.0
0 2018 331 3 234.6
0 2018 332 3 236.6
0 2018 333 3 237.2
0 2018 334 3 237.2
0 2018 337 3 234.3
0 2018 338 3 234.3
0 2018 339 3 236.2
0 2018 340 3 239.1
0 2018 341 3 239.1
0 2018 344 3 241.5
0 2018 345 3 244.4
0 2018 346 3 246.9
0 2018 347 3 248.4
0 2018 348 3 251.0
0 2018 351 3 253.5
0 2018 352 3 253.5
0 2018 353 3 253.5
0 2018 354 3 255.7
0 2018 355 3 255.7
0 2018 358 3 255.7
0 2018 360 3 255.7
0 2018 361 3 255.8
0 2018 362 3 255.8
0 2018 365 3 255.2
0 2019   2 0 255.0
0 2019   3 0 254.3
0 2019   4 0 254.3
0 2019   7 0 254.3
0 2019   8 0 254.3
0 2019   9 0 251.7
0 2019  10 0 251.8
0 2019  11 0 253.4
0 2019  14 0 250.9
0 2019  15 0 248.3
0 2019  16 0 246.6
0 2019  17 0 247.3
0 2019  18 0 247.3
0 2019  22 0 247.3
0 2019  23 0 247.3
0 2019  24 0 249.1
0 2019  25 0 249.6
0 2019  28 0 250.2
0 2019  29 0 248.4
0 2019  30 0 248.4
0 2019  31 0 248.4
0 2019  32 0 248.4
0 2019  35 0 248.4
0 2019  36 0 246.6
0 2019  37 0 245.0
0 2019  38 0 243.7
0 2019  39 0 243.7
0 2019  42 0 245.3
0 2019  43 0 247.7
0 2019  44 0 248.8
0 2019  45 0 247.7
0 2019  46 0 249.7
0 2019  50 0 248.1
0 2019  51 0 245.6
0 2019  52 0 245.5
0 2019  53 0 245.5
0 2019  56 0 244.9
0 2019  57 0 244.9
0 2019  58 0 247.1
0 2019  59 0 249.5
0 2019  60 0 249.8
0 2019  63 0 252.7
0 2019  64 0 252.7
0 2019  65 0 255.1
0 2019  66 0 254.8
0 2019  67 0 255.6
0 2019  70 0 254.8
0 2019  71 0 256.3
0 2019  72 0 253.6
0 2019  73 0 255.4
0 2019  74 0 253.0
0 2019  77 0 253.3
0 2019  78 0 253.9
0 2019  79 0 253.9
0 2019  80 0 256.3
0 2019  81 0 254.4
0 2019  84 0 254.9
0 2019  85 0 254.9
0 2019  86 0 254.9
0 2019  87 0 253.3
0 2019  88 0 250.7
0 2019  91 1 250.7
0 2019  92 1 250.7
0 2019  93 1 250.7
0 2019  94 1 247.9
0 2019  95 1 248.1
0 2019  98 1 247.7
0 2019  99 1 249.3
0 2019 100 1 247.4
0 2019 101 1 247.4
0 2019 102 1 244.9
0 2019 105 1 244.9
0 2019 106 1 246.2
0 2019 107 1 244.7
0 2019 108 1 244.7
0 2019 109 1 245.2
0 2019 112 1 245.2
0 2019 113 1 246.7
0 2019 114 1 246.7
0 2019 115 1 244.2
0 2019 116 1 244.2
0 2019 119 1 241.3
0 2019 120 1 244.0
0 2019 121 1 244.4
0 2019 122 1 244.6
0 2019 123 1 244.6
0 2019 126 1 244.6
0 2019 127 1 245.9
0 2019 128 1 244.5
0 2019 129 1 243.8
0 2019 130 1 245.6
0 2019 133 1 246.5
0 2019 134 1 249.1
0 2019 135 1 247.6
0 2019 136 1 247.6
0 2019 137 1 244.8
0 2019 140 1 244.8
0 2019 141 1 243.2
0 2019 142 1 241.3
0 2019 143 1 240.3
0 2019 144 1 237.8
0 2019 148 1 237.8
0 2019 149 1 239.5
0 2019 150 1 242.4
0 2019 151 1 241.0
0 2019 154 1 242.7
0 2019 155 1 245.4
0 2019 156 1 248.1
0 2019 157 1 250.0
0 2019 158 1 250.0
0 2019 161 1 248.7
0 2019 162 1 248.7
0 2019 163 1 247.5
0 2019 164 1 249.5
0 2019 165 1 251.8
0 2019 168 1 251.8
0 2019 169 1 251.4
0 2019 170 1 251.4
0 2019 171 1 253.3
0 2019 172 1 252.8
0 2019 175 1 252.8
0 2019 176 1 252.1
0 2019 177 1 252.1
0 2019 178 1 253.2
0 2019 179 1 255.7
0 2019 182 2 254.5
0 2019 183 2 253.8
0 2019 184 2 254.2
0 2019 186 2 257.0
0 2019 189 2 256.6
0 2019 190 2 256.6
0 2019 191 2 254.3
0 2019 192 2 254.6
0 2019 193 2 254.6
0 2019 196 2 255.8
0 2019 197 2 257.9
0 2019 198 2 259.0
0 2019 199 2 260.6
0 2019 200 2 262.9
0 2019 203 2 264.2
0 2019 204 2 264.7
0 2019 205 2 263.3
0 2019 206 2 265.5
0 2019 207 2 265.5
0 2019 210 2 267.5
0 2019 211 2 267.5
0 2019 212 2 269.0
0 2019 213 2 270.3
0 2019 214 2 270.9
0 2019 217 2 273.6
0 2019 218 2 271.8
0 2019 219 2 274.5
0 2019 220 2 277.1
0 2019 221 2 274.9
0 2019 224 2 274.9
0 2019 225 2 274.9
0 2019 226 2 274.9
0 2019 227 2 276.6
0 2019 228 2 278.9
0 2019 231 2 279.9
0 2019 232 2 278.0
0 2019 233 2 275.5
0 2019 234 2 277.9
0 2019 235 2 276.0
0 2019 238 2 275.1
0 2019 239 2 273.7
0 2019 240 2 274.0
0 2019 241 2 275.6
0 2019 242 2 277.7
0 2019 246 2 277.7
0 2019 247 2 277.7
0 2019 248 2 278.2
0 2019 249 2 277.4
0 2019 252 2 277.5
0 2019 253 2 275.4
0 2019 254 2 275.4
0 2019 255 2 276.8
0 2019 256 2 274.9
0 2019 259 2 274.9
0 2019 260 2 276.5
0 2019 261 2 276.5
0 2019 262 2 278.5
0 2019 263 2 278.5
0 2019 266 2 276.1
0 2019 267 2 276.1
0 2019 268 2 273.8
0 2019 269 2 275.2
0 2019 270 2 277.3
0 2019 273 2 277.3
0 2019 274 3 277.3
0 2019 275 3 278.9
0 2019 276 3 280.2
0 2019 277 3 277.5
0 2019 280 3 279.4
0 2019 281 3 280.6
0 2019 282 3 280.5
0 2019 283 3 282.7
0 2019 284 3 282.0
0 2019 288 3 282.0
0 2019 289 3 284.9
0 2019 290 3 287.2
0 2019 291 3 284.8
0 2019 294 3 286.6
0 2019 295 3 287.8
0 2019 296 3 284.8
0 2019 297 3 286.8
0 2019 298 3 287.1
0 2019 301 3 286.4
0 2019 302 3 283.6
0 2019 303 3 281.7
0 2019 304 3 283.5
0 2019 305 3 283.5
0 2019 308 3 284.1
0 2019 309 3 284.1
0 2019 310 3 281.9
0 2019 311 3 284.6
0 2019 312 3 283.5
0 2019 316 3 284.7
0 2019 317 3 286.8
0 2019 318 3 288.8
0 2019 319 3 290.9
0 2019 322 3 290.9
0 2019 323 3 288.8
0 2019 324 3 287.5
0 2019 325 3 288.4
0 2019 326 3 288.9
0 2019 329 3 287.4
0 2019 330 3 287.4
0 2019 331 3 285.2
0 2019 333 3 285.9
0 2019 336 3 285.9
0 2019 337 3 285.7
0 2019 338 3 285.7
0 2019 339 3 286.3
0 2019 340 3 288.1
0 2019 343 3 290.7
0 2019 344 3 289.5
0 2019 345 3 289.5
0 2019 346 3 292.4
0 2019 347 3 291.6
0 2019 350 3 292.5
0 2019 351 3 292.5
0 2019 352 3 292.5
0 2019 353 3 294.7
0 2019 354 3 294.2
0 2019 357 3 293.2
0 2019 358 3 293.2
0 2019 360 3 295.0
0 2019 361 3 294.4
0 2019 364 3 294.4
0 2019 365 3 294.4
0 2020   2 0 291.9
0 2020   3 0 293.0
0 2020   6 0 294.7
0 2020   7 0 292.6
0 2020   8 0 292.6
0 2020   9 0 290.0
0 2020  10 0 291.1
0 2020  13 0 290.3
0 2020  14 0 287.7
0 2020  15 0 287.7
0 2020  16 0 285.6
0 2020  17 0 285.9
0 2020  21 0 287.1
0 2020  22 0 287.2
0 2020  23 0 285.7
0 2020  24 0 284.8
0 2020  27 0 286.2
0 2020  28 0 288.6
0 2020  29 0 288.6
0 2020  30 0 287.0
0 2020  31 0 289.9
0 2020  34 0 289.9
0 2020  35 0 289.5
0 2020  36 0 290.6
0 2020  37 0 290.0
0 2020  38 0 288.5
0 2020  41 0 287.4
0 2020  42 0 290.3
0 2020  43 0 290.8
0 2020  44 0 290.7
0 2020  45 0 291.3
0 2020  49 0 291.3
0 2020  50 0 291.3
0 2020  51 0 291.2
0 2020  52 0 291.2
0 2020  55 0 290.7
0 2020  56 0 293.6
0 2020  57 0 293.6
0 2020  58 0 291.2
0 2020  59 0 290.8
0 2020  62 0 290.3
0 2020  63 0 290.3
0 2020  64 0 291.4
0 2020  65 0 291.4
0 2020  66 0 291.8
0 2020  69 0 291.2
0 2020  70 0 291.0
0 2020  71 0 290.4
0 2020  72 0 292.6
0 2020  73 0 290.5
0 2020  76 0 290.5
0 2020  77 0 289.4
0 2020  78 0 290.9
0 2020  79 0 289.8
0 2020  80 0 288.5
0 2020  83 0 287.3
0 2020  84 0 287.0
0 2020  85 0 287.4
0 2020  86 0 285.1
0 2020  87 0 283.6
0 2020  90 0 283.2
0 2020  91 0 283.6
0 2020  92 1 285.1
0 2020  93 1 285.5
0 2020  94 1 283.1
0 2020  97 1 285.1
0 2020  98 1 285.0
0 2020  99 1 285.0
0 2020 100 1 286.1
0 2020 101 1 285.2
0 2020 104 1 285.1
0 2020 105 1 283.3
0 2020 106 1 281.2
0 2020 107 1 281.2
0 2020 108 1 281.9
0 2020 111 1 283.2
0 2020 112 1 284.4
0 2020 113 1 283.8
0 2020 114 1 281.5
0 2020 115 1 279.3
0 2020 118 1 279.3
0 2020 119 1 279.4
0 2020 120 1 279.9
0 2020 121 1 279.9
0 2020 122 1 279.9
0 2020 125 1 281.9
0 2020 126 1 279.6
0 2020 127 1 278.9
0 2020 128 1 278.6
0 2020 129 1 276.5
0 2020 132 1 276.5
0 2020 133 1 278.5
0 2020 134 1 279.4
0 2020 135 1 277.5
0 2020 136 1 277.5
0 2020 139 1 279.3
0 2020 140 1 278.8
0 2020 141 1 278.8
0 2020 142 1 278.8
0 2020 143 1 279.3
0 2020 147 1 279.3
0 2020 148 1 279.3
0 2020 149 1 282.1
0 2020 150 1 279.6
0 2020 153 1 276.7
0 2020 154 1 273.7
0 2020 155 1 272.3
0 2020 156 1 273.1
0 2020 157 1 273.1
0 2020 160 1 273.1
0 2020 161 1 272.1
0 2020 162 1 273.6
0 2020 163 1 274.4
0 2020 164 1 276.8
0 2020 167 1 277.1
0 2020 168 1 275.6
0 2020 169 1 277.2
0 2020 170 1 278.9
0 2020 171 1 280.9
0 2020 174 1 280.9
0 2020 175 1 280.9
0 2020 176 1 279.9
0 2020 177 1 282.8
0 2020 178 1 284.8
0 2020 181 1 284.8
0 2020 182 1 287.1
0 2020 183 2 284.2
0 2020 184 2 285.6
0 2020 188 2 284.8
0 2020 189 2 283.5
0 2020 190 2 283.5
0 2020 191 2 285.6
0 2020 192 2 283.0
0 2020 195 2 283.0
0 2020 196 2 283.0
0 2020 197 2 283.0
0 2020 198 2 283.5
0 2020 199 2 283.5
0 2020 202 2 283.1
0 2020 203 2 283.1
0 2020 204 2 283.1
0 2020 205 2 284.6
0 2020 206 2 283.7
0 2020 209 2 282.3
0 2020 210 2 284.4
0 2020 211 2 283.1
0 2020 212 2 284.0
0 2020 213 2 281.6
0 2020 216 2 279.0
0 2020 217 2 279.3
0 2020 218 2 281.9
0 2020 219 2 284.4
0 2020 220 2 287.0
0 2020 223 2 288.1
0 2020 224 2 289.5
0 2020 225 2 290.0
0 2020 226 2 291.4
0 2020 227 2 291.4
0 2020 230 2 293.4
0 2020 231 2 293.4
0 2020 232 2 290.9
0 2020 233 2 293.2
0 2020 234 2 293.2
0 2020 237 2 291.6
0 2020 238 2 291.6
0 2020 239 2 289.7
0 2020 240 2 292.1
0 2020 241 2 292.1
0 2020 244 2 294.5
0 2020 245 2 295.8
0 2020 246 2 294.0
0 2020 247 2 296.2
0 2020 248 2 293.9
0 2020 252 2 293.9
0 2020 253 2 294.4
0 2020 254 2 295.4
0 2020 255 2 294.3
0 2020 258 2 292.9
0 2020 259 2 292.9
0 2020 260 2 292.9
0 2020 261 2 295.8
0 2020 262 2 295.8
0 2020 265 2 295.8
0 2020 266 2 295.8
0 2020 267 2 296.1
0 2020 268 2 296.3
0 2020 269 2 296.3
0 2020 272 2 297.8
0 2020 273 2 297.8
0 2020 274 2 300.1
0 2020 275 3 300.6
0 2020 276 3 303.0
0 2020 279 3 304.8
0 2020 280 3 304.8
0 2020 281 3 305.6
0 2020 282 3 307.8
0 2020 283 3 307.8
0 2020 287 3 309.8
0 2020 288 3 309.8
0 2020 289 3 310.9
0 2020 290 3 310.3
0 2020 293 3 311.0
0 2020 294 3 311.0
0 2020 295 3 309.3
0 2020 296 3 309.7
0 2020 297 3 311.3
0 2020 300 3 314.1
0 2020 301 3 311.8
0 2020 302 3 312.8
0 2020 303 3 313.0
0 2020 304 3 313.8
0 2020 307 3 315.6
0 2020 308 3 318.2
0 2020 309 3 318.4
0 2020 310 3 319.7
0 2020 311 3 317.8
0 2020 314 3 317.8
0 2020 315 3 317.8
0 2020 317 3 320.6
0 2020 318 3 321.8
0 2020 321 3 321.8
0 2020 322 3 323.6
0 2020 323 3 323.6
0 2020 324 3 324.2
0 2020 325 3 324.2
0 2020 328 3 325.3
0 2020 329 3 326.9
0 2020 330 3 329.3
0 2020 332 3 332.2
0 2020 335 3 331.7
0 2020 336 3 331.7
0 2020 337 3 329.0
0 2020 338 3 330.9
0 2020 339 3 330.9
0 2020 342 3 329.1
0 2020 343 3 330.8
0 2020 344 3 329.3
0 2020 345 3 331.7
0 2020 346 3 329.0
0 2020 349 3 328.7
0 2020 350 3 331.0
0 2020 351 3 331.0
0 2020 352 3 334.0
0 2020 353 3 334.0
0 2020 356 3 336.1
0 2020 357 3 336.1
0 2020 358 3 336.1
0 2020 359 3 339.0
0 2020 363 3 339.0
0 2020 364 3 336.3
0 2020 365 3 336.5
0 2020 366 3 336.5
1 2017   3 0  97.8
1 2017   4 0  99.5
1 2017   5 0 100.7
1 2017   6 0 100.7
1 2017   9 0  99.4
1 2017  10 0  99.2
1 2017  11 0 101.3
1 2017  12 0 101.6
1 2017  13 0 103.5
1 2017  17 0 103.5
1 2017  18 0 106.3
1 2017  19 0 108.6
1 2017  20 0 108.5
1 2017  23 0 111.2
1 2017  24 0 111.2
1 2017  25 0 111.2
1 2017  26 0 112.4
1 2017  27 0 113.7
1 2017  30 0 113.7
1 2017  31 0 113.7
1 2017  32 0 112.9
1 2017  33 0 115.5
1 2017  34 0 117.0
1 2017  37 0 117.0
1 2017  38 0 117.0
1 2017  39 0 119.3
1 2017  40 0 119.3
1 2017  41 0 119.3
1 2017  44 0 118.9
1 2017  45 0 118.4
1 2017  46 0 118.4
1 2017  47 0 118.4
1 2017  48 0 117.3
1 2017  52 0 117.3
1 2017  53 0 117.7
1 2017  54 0 118.8
1 2017  55 0 117.7
1 2017  58 0 119.6
1 2017  59 0 121.5
1 2017  60 0 120.7
1 2017  61 0 120.7
1 2017  62 0 122.2
1 2017  65 0 122.2
1 2017  66 0 120.1
1 2017  67 0 120.1
1 2017  68 0 119.6
1 2017  69 0 117.3
1 2017  72 0 117.6
1 2017  73 0 117.6
1 2017  74 0 117.6
1 2017  75 0 116.5
1 2017  76 0 117.5
1 2017  79 0 114.6
1 2017  80 0 115.2
1 2017  81 0 115.2
1 2017  82 0 115.2
1 2017  83 0 113.6
1 2017  86 0 113.6
1 2017  87 0 112.9
1 2017  88 0 110.1
1 2017  89 0 110.1
1 2017  90 0 110.1
1 2017  93 1 112.4
1 2017  94 1 111.4
1 2017  95 1 111.4
1 2017  96 1 111.4
1 2017  97 1 110.1
1 2017 100 1 112.6
1 2017 101 1 112.6
1 2017 102 1 110.2
1 2017 103 1 110.2
1 2017 104 1 108.1
1 2017 107 1 105.4
1 2017 108 1 102.9
1 2017 109 1 101.5
1 2017 110 1 103.5
1 2017 111 1 105.0
1 2017 114 1 105.0
1 2017 115 1 106.1
1 2017 116 1 104.1
1 2017 117 1 105.9
1 2017 118 1 104.0
1 2017 121 1 102.3
1 2017 122 1 100.9
1 2017 123 1 100.9
1 2017 124 1 100.9
1 2017 125 1 101.8
1 2017 128 1 101.8
1 2017 129 1  98.8
1 2017 130 1  98.7
1 2017 131 1  98.7
1 2017 132 1  98.5
1 2017 135 1  96.6
1 2017 136 1  96.6
1 2017 137 1  98.6
1 2017 138 1  99.4
1 2017 139 1 101.2
1 2017 142 1 103.9
1 2017 143 1 102.3
1 2017 144 1 101.8
1 2017 145 1  99.7
1 2017 146 1  98.2
1 2017 150 1  97.0
1 2017 151 1  99.2
1 2017 152 1 100.7
1 2017 153 1  98.5
1 2017 156 1  96.0
1 2017 157 1  96.0
1 2017 158 1  97.5
1 2017 159 1  98.9
1 2017 160 1 101.4
1 2017 163 1 101.4
1 2017 164 1 101.1
1 2017 165 1 102.6
1 2017 166 1 104.5
1 2017 167 1 105.4
1 2017 170 1 105.4
1 2017 171 1 103.1
1 2017 172 1 102.7
1 2017 173 1 105.0
1 2017 174 1 105.5
1 2017 177 1 105.8
1 2017 178 1 105.1
1 2017 179 1 105.3
1 2017 180 1 106.2
1 2017 181 1 108.2
1 2017 184 2 109.3
1 2017 186 2 111.5
1 2017 187 2 114.2
1 2017 188 2 111.7
1 2017 191 2 111.7
1 2017 192 2 111.7
1 2017 193 2 111.5
1 2017 194 2 111.7
1 2017 195 2 111.4
1 2017 198 2 110.9
1 2017 199 2 112.5
1 2017 200 2 112.6
1 2017 201 2 113.2
1 2017 202 2 113.2
1 2017 205 2 113.2
1 2017 206 2 110.3
1 2017 207 2 109.5
1 2017 208 2 111.2
1 2017 209 2 110.8
1 2017 212 2 109.3
1 2017 213 2 109.3
1 2017 214 2 110.9
1 2017 215 2 112.8
1 2017 216 2 115.7
1 2017 219 2 114.4
1 2017 220 2 114.4
1 2017 221 2 111.7
1 2017 222 2 113.8
1 2017 223 2 110.9
1 2017 226 2 110.8
1 2017 227 2 110.8
1 2017 228 2 113.5
1 2017 229 2 115.9
1 2017 230 2 116.2
1 2017 233 2 113.9
1 2017 234 2 112.3
1 2017 235 2 112.3
1 2017 236 2 113.9
1 2017 237 2 115.3
1 2017 240 2 115.0
1 2017 241 2 115.0
1 2017 242 2 114.7
1 2017 243 2 117.6
1 2017 244 2 117.1
1 2017 248 2 119.8
1 2017 249 2 120.0
1 2017 250 2 121.7
1 2017 251 2 121.2
1 2017 254 2 118.9
1 2017 255 2 119.8
1 2017 256 2 118.1
1 2017 257 2 120.4
1 2017 258 2 120.4
1 2017 261 2 118.0
1 2017 262 2 120.1
1 2017 263 2 118.3
1 2017 264 2 120.9
1 2017 265 2 120.4
1 2017 268 2 120.4
1 2017 269 2 122.1
1 2017 270 2 124.1
1 2017 271 2 126.8
1 2017 272 2 127.6
1 2017 275 3 129.3
1 2017 276 3 130.7
1 2017 277 3 130.7
1 2017 278 3 132.5
1 2017 279 3 131.1
1 2017 283 3 133.5
1 2017 284 3 135.4
1 2017 285 3 136.0
1 2017 286 3 136.6
1 2017 289 3 135.6
1 2017 290 3 133.6
1 2017 291 3 133.6
1 2017 292 3 136.1
1 2017 293 3 134.0
1 2017 296 3 132.2
1 2017 297 3 132.2
1 2017 298 3 129.3
1 2017 299 3 130.2
1 2017 300 3 130.2
1 2017 303 3 130.2
1 2017 304 3 130.2
1 2017 305 3 133.1
1 2017 306 3 135.0
1 2017 307 3 136.2
1 2017 310 3 136.2
1 2017 311 3 136.2
1 2017 312 3 136.2
1 2017 313 3 137.8
1 2017 317 3 137.8
1 2017 318 3 136.5
1 2017 319 3 136.5
1 2017 320 3 138.4
1 2017 321 3 138.9
1 2017 324 3 137.5
1 2017 325 3 138.4
1 2017 326 3 138.4
1 2017 328 3 138.0
1 2017 331 3 137.6
1 2017 332 3 138.2
1 2017 333 3 138.2
1 2017 334 3 138.6
1 2017 335 3 135.9
1 2017 338 3 135.9
1 2017 339 3 134.1
1 2017 340 3 132.9
1 2017 341 3 133.8
1 2017 342 3 134.7
1 2017 345 3 134.9
1 2017 346 3 135.0
1 2017 347 3 135.9
1 2017 348 3 138.6
1 2017 349 3 138.6
1 2017 352 3 139.5
1 2017 353 3 139.5
1 2017 354 3 142.2
1 2017 355 3 143.1
1 2017 356 3 143.1
1 2017 360 3 144.5
1 2017 361 3 146.2
1 2017 362 3 148.2
1 2017 363 3 146.6
1 2018   2 0 146.2
1 2018   3 0 146.2
1 2018   4 0 146.2
1 2018   5 0 145.4
1 2018   8 0 146.8
1 2018   9 0 148.6
1 2018  10 0 148.6
1 2018  11 0 149.8
1 2018  12 0 148.9
1 2018  16 0 146.7
1 2018  17 0 144.0
1 2018  18 0 146.0
1 2018  19 0 145.7
1 2018  22 0 145.4
1 2018  23 0 143.4
1 2018  24 0 141.4
1 2018  25 0 141.0
1 2018  26 0 142.1
1 2018  29 0 142.1
1 2018  30 0 142.1
1 2018  31 0 143.4
1 2018  32 0 143.8
1 2018  33 0 143.8
1 2018  36 0 143.8
1 2018  37 0 144.6
1 2018  38 0 145.3
1 2018  39 0 145.3
1 2018  40 0 146.6
1 2018  43 0 149.2
1 2018  44 0 150.3
1 2018  45 0 150.7
1 2018  46 0 150.8
1 2018  47 0 150.8
1 2018  51 0 150.8
1 2018  52 0 153.1
1 2018  53 0 154.9
1 2018  54 0 154.9
1 2018  57 0 152.0
1 2018  58 0 152.0
1 2018  59 0 152.9
1 2018  60 0 152.9
1 2018  61 0 152.9
1 2018  64 0 154.2
1 2018  65 0 155.4
1 2018  66 0 155.4
1 2018  67 0 152.5
1 2018  68 0 155.4
1 2018  71 0 155.1
1 2018  72 0 155.1
1 2018  73 0 157.3
1 2018  74 0 158.5
1 2018  75 0 157.8
1 2018  78 0 157.5
1 2018  79 0 159.6
1 2018  80 0 158.1
1 2018  81 0 156.4
1 2018  82 0 155.4
1 2018  85 0 155.6
1 2018  86 0 155.3
1 2018  87 0 155.3
1 2018  88 0 155.3
1 2018  89 0 155.3
1 2018  92 1 153.7
1 2018  93 1 153.7
1 2018  94 1 153.7
1 2018  95 1 152.4
1 2018  96 1 152.1
1 2018  99 1 151.3
1 2018 100 1 152.1
1 2018 101 1 149.3
1 2018 102 1 147.6
1 2018 103 1 148.8
1 2018 106 1 148.1
1 2018 107 1 149.5
1 2018 108 1 152.4
1 2018 109 1 151.7
1 2018 110 1 150.6
1 2018 113 1 150.6
1 2018 114 1 150.6
1 2018 115 1 150.2
1 2018 116 1 149.3
1 2018 117 1 148.2
1 2018 120 1 148.2
1 2018 121 1 146.3
1 2018 122 1 146.3
1 2018 123 1 148.9
1 2018 124 1 148.9
1 2018 127 1 151.5
1 2018 128 1 151.5
1 2018 129 1 154.1
1 2018 130 1 157.0
1 2018 131 1 157.0
1 2018 134 1 158.8
1 2018 135 1 158.8
1 2018 136 1 156.4
1 2018 137 1 155.5
1 2018 138 1 157.7
1 2018 141 1 156.2
1 2018 142 1 156.2
1 2018 143 1 155.9
1 2018 144 1 155.4
1 2018 145 1 155.7
1 2018 149 1 153.0
1 2018 150 1 153.0
1 2018 151 1 153.0
1 2018 152 1 153.0
1 2018 155 1 154.9
1 2018 156 1 154.2
1 2018 157 1 155.2
1 2018 158 1 155.8
1 2018 159 1 154.4
1 2018 162 1 154.8
1 2018 163 1 154.8
1 2018 164 1 152.6
1 2018 165 1 155.3
1 2018 166 1 157.6
1 2018 169 1 157.9
1 2018 170 1 159.8
1 2018 171 1 160.6
1 2018 172 1 162.8
1 2018 173 1 161.6
1 2018 176 1 161.6
1 2018 177 1 162.4
1 2018 178 1 162.4
1 2018 179 1 164.9
1 2018 180 1 164.9
1 2018 183 2 164.9
1 2018 184 2 166.1
1 2018 186 2 166.5
1 2018 187 2 164.2
1 2018 190 2 161.7
1 2018 191 2 161.7
1 2018 192 2 161.7
1 2018 193 2 162.5
1 2018 194 2 162.5
1 2018 197 2 162.5
1 2018 198 2 163.4
1 2018 199 2 163.4
1 2018 200 2 164.9
1 2018 201 2 162.6
1 2018 204 2 159.6
1 2018 205 2 161.2
1 2018 206 2 161.2
1 2018 207 2 163.5
1 2018 208 2 165.1
1 2018 211 2 165.1
1 2018 212 2 165.6
1 2018 213 2 162.6
1 2018 214 2 163.1
1 2018 215 2 163.7
1 2018 218 2 162.5
1 2018 219 2 162.8
1 2018 220 2 160.9
1 2018 221 2 161.7
1 2018 222 2 161.7
1 2018 225 2 163.5
1 2018 226 2 163.2
1 2018 227 2 163.6
1 2018 228 2 164.8
1 2018 229 2 162.1
1 2018 232 2 164.2
1 2018 233 2 162.2
1 2018 234 2 163.5
1 2018 235 2 163.6
1 2018 236 2 163.6
1 2018 239 2 162.1
1 2018 240 2 161.7
1 2018 241 2 162.6
1 2018 242 2 165.2
1 2018 243 2 165.2
1 2018 247 2 164.4
1 2018 248 2 164.4
1 2018 249 2 164.6
1 2018 250 2 164.7
1 2018 253 2 164.7
1 2018 254 2 163.8
1 2018 255 2 163.1
1 2018 256 2 165.0
1 2018 257 2 166.9
1 2018 260 2 166.9
1 2018 261 2 165.3
1 2018 262 2 163.6
1 2018 263 2 165.0
1 2018 264 2 167.4
1 2018 267 2 165.6
1 2018 268 2 167.2
1 2018 269 2 164.4
1 2018 270 2 166.4
1 2018 271 2 167.8
1 2018 274 3 169.9
1 2018 275 3 169.9
1 2018 276 3 169.5
1 2018 277 3 170.7
1 2018 278 3 170.7
1 2018 282 3 171.4
1 2018 283 3 171.4
1 2018 284 3 171.6
1 2018 285 3 171.6
1 2018 288 3 171.6
1 2018 289 3 171.6
1 2018 290 3 174.5
1 2018 291 3 175.3
1 2018 292 3 174.0
1 2018 295 3 172.7
1 2018 296 3 172.9
1 2018 297 3 172.9
1 2018 298 3 173.4
1 2018 299 3 171.5
1 2018 302 3 168.8
1 2018 303 3 167.2
1 2018 304 3 166.4
1 2018 305 3 167.2
1 2018 306 3 167.5
1 2018 309 3 165.0
1 2018 310 3 165.0
1 2018 311 3 164.5
1 2018 312 3 165.5
1 2018 313 3 165.4
1 2018 317 3 167.1
1 2018 318 3 167.8
1 2018 319 3 170.7
1 2018 320 3 170.7
1 2018 323 3 169.2
1 2018 324 3 166.9
1 2018 325 3 166.4
1 2018 327 3 166.4
1 2018 330 3 166.4
1 2018 331 3 165.1
1 2018 332 3 167.7
1 2018 333 3 168.3
1 2018 334 3 170.4
1 2018 337 3 170.4
1 2018 338 3 171.7
1 2018 339 3 174.5
1 2018 340 3 176.3
1 2018 341 3 173.9
1 2018 344 3 173.9
1 2018 345 3 174.0
1 2018 346 3 174.0
1 2018 347 3 174.5
1 2018 348 3 174.5
1 2018 351 3 176.0
1 2018 352 3 176.0
1 2018 353 3 174.0
1 2018 354 3 175.9
1 2018 355 3 177.5
1 2018 358 3 177.5
1 2018 360 3 177.5
1 2018 361 3 180.5
1 2018 362 3 181.4
1 2018 365 3 183.7
1 2019   2 0 183.1
1 2019   3 0 181.8
1 2019   4 0 181.8
1 2019   7 0 181.8
1 2019   8 0 181.2
1 2019   9 0 180.3
1 2019  10 0 180.3
1 2019  11 0 182.1
1 2019  14 0 184.1
1 2019  15 0 184.1
1 2019  16 0 185.0
1 2019  17 0 185.0
1 2019  18 0 187.5
1 2019  22 0 187.5
1 2019  23 0 189.0
1 2019  24 0 189.1
1 2019  25 0 186.9
1 2019  28 0 185.2
1 2019  29 0 185.2
1 2019  30 0 186.7
1 2019  31 0 187.9
1 2019  32 0 186.2
1 2019  35 0 184.0
1 2019  36 0 182.3
1 2019  37 0 182.3
1 2019  38 0 182.3
1 2019  39 0 182.3
1 2019  42 0 183.6
1 2019  43 0 183.6
1 2019  44 0 185.3
1 2019  45 0 186.0
1 2019  46 0 186.0
1 2019  50 0 183.6
1 2019  51 0 184.3
1 2019  52 0 184.3
1 2019  53 0 183.1
1 2019  56 0 184.0
1 2019  57 0 184.2
1 2019  58 0 184.2
1 2019  59 0 185.7
1 2019  60 0 185.7
1 2019  63 0 185.6
1 2019  64 0 184.1
1 2019  65 0 187.0
1 2019  66 0 185.6
1 2019  67 0 185.6
1 2019  70 0 185.2
1 2019  71 0 184.4
1 2019  72 0 186.7
1 2019  73 0 184.0
1 2019  74 0 185.2
1 2019  77 0 183.9
1 2019  78 0 182.4
1 2019  79 0 182.4
1 2019  80 0 182.8
1 2019  81 0 181.9
1 2019  84 0 184.4
1 2019  85 0 184.5
1 2019  86 0 182.6
1 2019  87 0 185.5
1 2019  88 0 188.3
1 2019  91 1 190.6
1 2019  92 1 188.8
1 2019  93 1 191.0
1 2019  94 1 192.6
1 2019  95 1 191.0
1 2019  98 1 191.7
1 2019  99 1 189.4
1 2019 100 1 190.9
1 2019 101 1 190.9
1 2019 102 1 190.9
1 2019 105 1 190.6
1 2019 106 1 188.0
1 2019 107 1 188.4
1 2019 108 1 188.4
1 2019 109 1 186.1
1 2019 112 1 187.4
1 2019 113 1 187.4
1 2019 114 1 189.0
1 2019 115 1 189.0
1 2019 116 1 188.8
1 2019 119 1 188.8
1 2019 120 1 187.0
1 2019 121 1 187.0
1 2019 122 1 187.4
1 2019 123 1 187.4
1 2019 126 1 186.8
1 2019 127 1 184.9
1 2019 128 1 183.4
1 2019 129 1 183.4
1 2019 130 1 186.3
1 2019 133 1 184.2
1 2019 134 1 187.2
1 2019 135 1 184.3
1 2019 136 1 182.2
1 2019 137 1 182.2
1 2019 140 1 180.2
1 2019 141 1 179.2
1 2019 142 1 179.0
1 2019 143 1 179.1
1 2019 144 1 179.1
1 2019 148 1 178.0
1 2019 149 1 179.9
1 2019 150 1 178.3
1 2019 151 1 178.4
1 2019 154 1 178.4
1 2019 155 1 181.0
1 2019 156 1 181.0
1 2019 157 1 182.5
1 2019 158 1 181.1
1 2019 161 1 181.1
1 2019 162 1 183.3
1 2019 163 1 184.9
1 2019 164 1 187.7
1 2019 165 1 186.2
1 2019 168 1 186.2
1 2019 169 1 186.1
1 2019 170 1 187.7
1 2019 171 1 189.8
1 2019 172 1 192.5
1 2019 175 1 193.7
1 2019 176 1 191.0
1 2019 177 1 189.8
1 2019 178 1 190.6
1 2019 179 1 190.6
1 2019 182 2 193.4
1 2019 183 2 193.1
1 2019 184 2 194.5
1 2019 186 2 195.7
1 2019 189 2 195.7
1 2019 190 2 196.7
1 2019 191 2 196.0
1 2019 192 2 197.7
1 2019 193 2 198.2
1 2019 196 2 198.2
1 2019 197 2 196.6
1 2019 198 2 196.6
1 2019 199 2 199.3
1 2019 200 2 198.1
1 2019 203 2 198.1
1 2019 204 2 199.3
1 2019 205 2 197.2
1 2019 206 2 199.9
1 2019 207 2 199.9
1 2019 210 2 199.9
1 2019 211 2 199.4
1 2019 212 2 198.9
1 2019 213 2 201.5
1 2019 214 2 201.5
1 2019 217 2 199.7
1 2019 218 2 199.7
1 2019 219 2 201.6
1 2019 220 2 202.0
1 2019 221 2 200.9
1 2019 224 2 199.2
1 2019 225 2 199.5
1 2019 226 2 199.5
1 2019 227 2 200.1
1 2019 228 2 198.0
1 2019 231 2 198.0
1 2019 232 2 198.0
1 2019 233 2 198.0
1 2019 234 2 199.4
1 2019 235 2 201.7
1 2019 238 2 201.8
1 2019 239 2 202.8
1 2019 240 2 202.8
1 2019 241 2 203.7
1 2019 242 2 201.7
1 2019 246 2 204.3
1 2019 247 2 205.5
1 2019 248 2 207.7
1 2019 249 2 207.7
1 2019 252 2 207.7
1 2019 253 2 209.9
1 2019 254 2 206.9
1 2019 255 2 207.9
1 2019 256 2 206.6
1 2019 259 2 209.0
1 2019 260 2 209.8
1 2019 261 2 209.1
1 2019 262 2 211.1
1 2019 263 2 211.1
1 2019 266 2 213.2
1 2019 267 2 213.5
1 2019 268 2 213.5
1 2019 269 2 213.9
1 2019 270 2 213.9
1 2019 273 2 215.5
1 2019 274 3 214.7
1 2019 275 3 212.2
1 2019 276 3 212.8
1 2019 277 3 212.8
1 2019 280 3 213.2
1 2019 281 3 211.9
1 2019 282 3 214.0
1 2019 283 3 215.5
1 2019 284 3 214.9
1 2019 288 3 214.9
1 2019 289 3 213.4
1 2019 290 3 214.8
1 2019 291 3 215.5
1 2019 294 3 215.3
1 2019 295 3 215.3
1 2019 296 3 216.8
1 2019 297 3 217.5
1 2019 298 3 217.9
1 2019 301 3 217.3
1 2019 302 3 218.6
1 2019 303 3 218.3
1 2019 304 3 220.1
1 2019 305 3 220.1
1 2019 308 3 221.3
1 2019 309 3 218.9
1 2019 310 3 218.9
1 2019 311 3 219.2
1 2019 312 3 219.2
1 2019 316 3 221.9
1 2019 317 3 220.6
1 2019 318 3 222.8
1 2019 319 3 225.7
1 2019 322 3 227.7
1 2019 323 3 230.3
1 2019 324 3 230.3
1 2019 325 3 231.9
1 2019 326 3 230.8
1 2019 329 3 230.1
1 2019 330 3 229.9
1 2019 331 3 229.9
1 2019 333 3 231.5
1 2019 336 3 232.5
1 2019 337 3 231.4
1 2019 338 3 231.4
1 2019 339 3 233.7
1 2019 340 3 233.7
1 2019 343 3 234.9
1 2019 344 3 236.8
1 2019 345 3 236.8
1 2019 346 3 239.7
1 2019 347 3 239.9
1 2019 350 3 238.5
1 2019 351 3 236.7
1 2019 352 3 239.2
1 2019 353 3 241.9
1 2019 354 3 242.1
1 2019 357 3 242.2
1 2019 358 3 242.5
1 2019 360 3 243.8
1 2019 361 3 243.8
1 2019 364 3 246.6
1 2019 365 3 246.6
1 2020   2 0 244.8
1 2020   3 0 245.0
1 2020   6 0 247.8
1 2020   7 0 249.7
1 2020   8 0 252.6
1 2020   9 0 252.6
1 2020  10 0 255.4
1 2020  13 0 254.2
1 2020  14 0 252.9
1 2020  15 0 253.7
1 2020  16 0 253.7
1 2020  17 0 253.7
1 2020  21 0 253.7
1 2020  22 0 253.7
1 2020  23 0 255.0
1 2020  24 0 257.0
1 2020  27 0 257.0
1 2020  28 0 259.5
1 2020  29 0 259.5
1 2020  30 0 262.2
1 2020  31 0 259.3
1 2020  34 0 258.7
1 2020  35 0 261.5
1 2020  36 0 262.4
1 2020  37 0 262.4
1 2020  38 0 260.6
1 2020  41 0 263.1
1 2020  42 0 263.1
1 2020  43 0 264.3
1 2020  44 0 264.3
1 2020  45 0 264.3
1 2020  49 0 262.0
1 2020  50 0 264.6
1 2020  51 0 264.6
1 2020  52 0 264.6
1 2020  55 0 266.4
1 2020  56 0 269.1
1 2020  57 0 269.1
1 2020  58 0 268.4
1 2020  59 0 269.3
1 2020  62 0 269.1
1 2020  63 0 269.5
1 2020  64 0 271.0
1 2020  65 0 271.0
1 2020  66 0 270.3
1 2020  69 0 270.3
1 2020  70 0 267.4
1 2020  71 0 267.4
1 2020  72 0 266.3
1 2020  73 0 265.7
1 2020  76 0 263.8
1 2020  77 0 265.9
1 2020  78 0 268.7
1 2020  79 0 269.5
1 2020  80 0 270.1
1 2020  83 0 270.8
1 2020  84 0 271.9
1 2020  85 0 269.9
1 2020  86 0 268.8
1 2020  87 0 267.6
1 2020  90 0 267.6
1 2020  91 0 268.1
1 2020  92 1 266.1
1 2020  93 1 266.1
1 2020  94 1 266.1
1 2020  97 1 266.1
1 2020  98 1 264.3
1 2020  99 1 265.7
1 2020 100 1 265.9
1 2020 101 1 267.2
1 2020 104 1 268.4
1 2020 105 1 266.6
1 2020 106 1 269.3
1 2020 107 1 269.3
1 2020 108 1 269.0
1 2020 111 1 269.0
1 2020 112 1 266.5
1 2020 113 1 268.0
1 2020 114 1 269.0
1 2020 115 1 270.0
1 2020 118 1 270.0
1 2020 119 1 271.3
1 2020 120 1 269.3
1 2020 121 1 268.6
1 2020 122 1 268.6
1 2020 125 1 271.2
1 2020 126 1 271.9
1 2020 127 1 274.3
1 2020 128 1 276.4
1 2020 129 1 274.5
1 2020 132 1 271.5
1 2020 133 1 271.5
1 2020 134 1 270.2
1 2020 135 1 270.2
1 2020 136 1 271.0
1 2020 139 1 271.0
1 2020 140 1 270.1
1 2020 141 1 271.4
1 2020 142 1 271.4
1 2020 143 1 274.2
1 2020 147 1 274.2
1 2020 148 1 276.5
1 2020 149 1 275.5
1 2020 150 1 277.9
1 2020 153 1 279.3
1 2020 154 1 279.3
1 2020 155 1 277.1
1 2020 156 1 278.2
1 2020 157 1 280.1
1 2020 160 1 280.5
1 2020 161 1 280.4
1 2020 162 1 283.2
1 2020 163 1 286.1
1 2020 164 1 285.6
1 2020 167 1 285.6
1 2020 168 1 286.5
1 2020 169 1 286.5
1 2020 170 1 289.2
1 2020 171 1 289.2
1 2020 174 1 288.8
1 2020 175 1 288.8
1 2020 176 1 290.8
1 2020 177 1 293.3
1 2020 178 1 294.4
1 2020 181 1 294.0
1 2020 182 1 291.8
1 2020 183 2 291.8
1 2020 184 2 293.5
1 2020 188 2 293.5
1 2020 189 2 295.5
1 2020 190 2 296.9
1 2020 191 2 299.6
1 2020 192 2 298.8
1 2020 195 2 297.7
1 2020 196 2 297.7
1 2020 197 2 299.6
1 2020 198 2 300.6
1 2020 199 2 302.6
1 2020 202 2 302.6
1 2020 203 2 303.5
1 2020 204 2 305.2
1 2020 205 2 307.5
1 2020 206 2 307.5
1 2020 209 2 307.1
1 2020 210 2 307.0
1 2020 211 2 304.4
1 2020 212 2 306.6
1 2020 213 2 303.9
1 2020 216 2 303.9
1 2020 217 2 303.9
1 2020 218 2 303.7
1 2020 219 2 303.8
1 2020 220 2 303.8
1 2020 223 2 306.4
1 2020 224 2 306.9
1 2020 225 2 304.1
1 2020 226 2 305.4
1 2020 227 2 305.4
1 2020 230 2 305.4
1 2020 231 2 306.6
1 2020 232 2 306.6
1 2020 233 2 307.6
1 2020 234 2 307.6
1 2020 237 2 307.6
1 2020 238 2 309.9
1 2020 239 2 309.9
1 2020 240 2 311.5
1 2020 241 2 311.5
1 2020 244 2 309.7
1 2020 245 2 307.2
1 2020 246 2 307.2
1 2020 247 2 308.0
1 2020 248 2 307.4
1 2020 252 2 305.2
1 2020 253 2 305.2
1 2020 254 2 306.7
1 2020 255 2 309.4
1 2020 258 2 308.9
1 2020 259 2 306.9
1 2020 260 2 308.5
1 2020 261 2 310.8
1 2020 262 2 310.5
1 2020 265 2 310.5
1 2020 266 2 311.1
1 2020 267 2 308.5
1 2020 268 2 310.2
1 2020 269 2 310.2
1 2020 272 2 312.9
1 2020 273 2 310.8
1 2020 274 2 313.4
1 2020 275 3 313.8
1 2020 276 3 315.7
1 2020 279 3 313.3
1 2020 280 3 315.1
1 2020 281 3 314.4
1 2020 282 3 317.2
1 2020 283 3 318.2
1 2020 287 3 318.2
1 2020 288 3 318.2
1 2020 289 3 319.2
1 2020 290 3 319.2
1 2020 293 3 317.7
1 2020 294 3 315.4
1 2020 295 3 315.4
1 2020 296 3 317.6
1 2020 297 3 318.1
1 2020 300 3 318.1
1 2020 301 3 318.1
1 2020 302 3 318.1
1 2020 303 3 318.5
1 2020 304 3 318.5
1 2020 307 3 320.3
1 2020 308 3 318.5
1 2020 309 3 316.5
1 2020 310 3 317.7
1 2020 311 3 317.7
1 2020 314 3 320.0
1 2020 315 3 317.9
1 2020 317 3 320.6
1 2020 318 3 321.6
1 2020 321 3 319.1
1 2020 322 3 320.9
1 2020 323 3 319.6
1 2020 324 3 322.4
1 2020 325 3 320.1
1 2020 328 3 320.9
1 2020 329 3 323.4
1 2020 330 3 323.4
1 2020 332 3 325.4
1 2020 335 3 325.6
1 2020 336 3 325.6
1 2020 337 3 325.6
1 2020 338 3 328.4
1 2020 339 3 328.4
1 2020 342 3 328.4
1 2020 343 3 328.4
1 2020 344 3 331.2
1 2020 345 3 333.8
1 2020 346 3 334.5
1 2020 349 3 333.4
1 2020 350 3 330.5
1 2020 351 3 331.8
1 2020 352 3 332.1
1 2020 353 3 331.6
1 2020 356 3 330.0
1 2020 357 3 331.4
1 2020 358 3 332.3
1 2020 359 3 334.5
1 2020 363 3 333.0
1 2020 364 3 333.0
1 2020 365 3 333.0
1 2020 366 3 333.8
2 2017   3 0  98.3
2 2017   4 0  98.3
2 2017   5 0  97.8
2 2017   6 0  97.8
2 2017   9 0  95.2
2 2017  10 0  94.1
2 2017  11 0  94.1
2 2017  12 0  93.6
2 2017  13 0  91.7
2 2017  17 0  88.9
2 2017  18 0  86.7
2 2017  19 0  84.3
2 2017  20 0  84.3
2 2017  23 0  84.3
2 2017  24 0  82.9
2 2017  25 0  82.9
2 2017  26 0  81.3
2 2017  27 0  81.3
2 2017  30 0  78.4
2 2017  31 0  78.1
2 2017  32 0  76.1
2 2017  33 0  76.1
2 2017  34 0  78.6
2 2017  37 0  78.6
2 2017  38 0  80.0
2 2017  39 0  81.2
2 2017  40 0  81.2
2 2017  41 0  82.6
2 2017  44 0  84.0
2 2017  45 0  84.4
2 2017  46 0  82.9
2 2017  47 0  80.8
2 2017  48 0  79.7
2 2017  52 0  79.3
2 2017  53 0  79.3
2 2017  54 0  79.3
2 2017  55 0  79.3
2 2017  58 0  78.5
2 2017  59 0  77.0
2 2017  60 0  78.2
2 2017  61 0  81.0
2 2017  62 0  81.4
2 2017  65 0  81.4
2 2017  66 0  81.4
2 2017  67 0  79.1
2 2017  68 0  79.1
2 2017  69 0  79.1
2 2017  72 0  76.5
2 2017  73 0  78.6
2 2017  74 0  78.1
2 2017  75 0  75.7
2 2017  76 0  75.7
2 2017  79 0  72.9
2 2017  80 0  72.9
2 2017  81 0  72.9
2 2017  82 0  71.2
2 2017  83 0  68.5
2 2017  86 0  68.0
2 2017  87 0  67.8
2 2017  88 0  65.5
2 2017  89 0  63.4
2 2017  90 0  60.6
2 2017  93 1  59.5
2 2017  94 1  59.5
2 2017  95 1  57.1
2 2017  96 1  57.1
2 2017  97 1  57.1
2 2017 100 1  56.8
2 2017 101 1  55.0
2 2017 102 1  56.8
2 2017 103 1  59.0
2 2017 104 1  58.5
2 2017 107 1  58.2
2 2017 108 1  58.2
2 2017 109 1  58.2
2 2017 110 1  56.2
2 2017 111 1  56.2
2 2017 114 1  57.8
2 2017 115 1  55.6
2 2017 116 1  55.6
2 2017 117 1  55.6
2 2017 118 1  53.7
2 2017 121 1  53.7
2 2017 122 1  53.7
2 2017 123 1  52.6
2 2017 124 1  51.8
2 2017 125 1  54.2
2 2017 128 1  54.2
2 2017 129 1  56.6
2 2017 130 1  55.6
2 2017 131 1  56.3
2 2017 132 1  57.5
2 2017 135 1  57.5
2 2017 136 1  57.5
2 2017 137 1  57.5
2 2017 138 1  55.9
2 2017 139 1  55.9
2 2017 142 1  55.9
2 2017 143 1  54.3
2 2017 144 1  54.3
2 2017 145 1  54.3
2 2017 146 1  53.6
2 2017 150 1  52.0
2 2017 151 1  50.5
2 2017 152 1  52.0
2 2017 153 1  54.2
2 2017 156 1  55.8
2 2017 157 1  55.8
2 2017 158 1  58.1
2 2017 159 1  61.0
2 2017 160 1  59.5
2 2017 163 1  60.8
2 2017 164 1  57.9
2 2017 165 1  58.9
2 2017 166 1  60.9
2 2017 167 1  59.2
2 2017 170 1  59.2
2 2017 171 1  59.2
2 2017 172 1  59.2
2 2017 173 1  61.5
2 2017 174 1  60.3
2 2017 177 1  59.0
2 2017 178 1  58.7
2 2017 179 1  58.3
2 2017 180 1  60.1
2 2017 181 1  61.9
2 2017 184 2  60.1
2 2017 186 2  59.6
2 2017 187 2  60.2
2 2017 188 2  62.9
2 2017 191 2  63.0
2 2017 192 2  63.0
2 2017 193 2  60.7
2 2017 194 2  61.0
2 2017 195 2  61.6
2 2017 198 2  58.8
2 2017 199 2  58.8
2 2017 200 2  58.8
2 2017 201 2  60.9
2 2017 202 2  58.7
2 2017 205 2  57.5
2 2017 206 2  57.5
2 2017 207 2  56.8
2 2017 208 2  58.1
2 2017 209 2  58.1
2 2017 212 2  55.7
2 2017 213 2  58.3
2 2017 214 2  56.2
2 2017 215 2  58.3
2 2017 216 2  59.6
2 2017 219 2  58.4
2 2017 220 2  59.2
2 2017 221 2  58.8
2 2017 222 2  59.3
2 2017 223 2  59.3
2 2017 226 2  59.3
2 2017 227 2  59.3
2 2017 228 2  62.2
2 2017 229 2  64.6
2 2017 230 2  64.6
2 2017 233 2  67.4
2 2017 234 2  67.4
2 2017 235 2  69.3
2 2017 236 2  69.8
2 2017 237 2  69.8
2 2017 240 2  69.8
2 2017 241 2  72.4
2 2017 242 2  72.4
2 2017 243 2  75.1
2 2017 244 2  75.1
2 2017 248 2  75.1
2 2017 249 2  72.2
2 2017 250 2  73.8
2 2017 251 2  73.8
2 2017 254 2  76.4
2 2017 255 2  74.7
2 2017 256 2  71.8
2 2017 257 2  74.4
2 2017 258 2  74.9
2 2017 261 2  76.0
2 2017 262 2  76.0
2 2017 263 2  74.9
2 2017 264 2  77.7
2 2017 265 2  76.1
2 2017 268 2  76.2
2 2017 269 2  75.1
2 2017 270 2  76.4
2 2017 271 2  77.6
2 2017 272 2  78.8
2 2017 275 3  78.8
2 2017 276 3  76.6
2 2017 277 3  76.6
2 2017 278 3  78.0
2 2017 279 3  78.0
2 2017 283 3  78.0
2 2017 284 3  78.0
2 2017 285 3  80.8
2 2017 286 3  79.5
2 2017 289 3  79.2
2 2017 290 3  76.4
2 2017 291 3  76.6
2 2017 292 3  77.7
2 2017 293 3  80.2
2 2017 296 3  80.2
2 2017 297 3  82.8
2 2017 298 3  83.6
2 2017 299 3  85.7
2 2017 300 3  88.5
2 2017 303 3  91.3
2 2017 304 3  91.3
2 2017 305 3  94.2
2 2017 306 3  96.6
2 2017 307 3  96.8
2 2017 310 3  96.8
2 2017 311 3  96.4
2 2017 312 3  96.4
2 2017 313 3  98.6
2 2017 317 3  98.6
2 2017 318 3  99.4
2 2017 319 3 100.7
2 2017 320 3 103.4
2 2017 321 3 102.2
2 2017 324 3 102.2
2 2017 325 3 103.4
2 2017 326 3 103.4
2 2017 328 3 103.4
2 2017 331 3 104.4
2 2017 332 3 104.4
2 2017 333 3 104.6
2 2017 334 3 107.2
2 2017 335 3 107.2
2 2017 338 3 107.4
2 2017 339 3 109.5
2 2017 340 3 109.5
2 2017 341 3 111.2
2 2017 342 3 113.5
2 2017 345 3 113.5
2 2017 346 3 112.4
2 2017 347 3 115.2
2 2017 348 3 116.8
2 2017 349 3 118.9
2 2017 352 3 121.5
2 2017 353 3 120.5
2 2017 354 3 120.5
2 2017 355 3 122.5
2 2017 356 3 122.5
2 2017 360 3 122.5
2 2017 361 3 122.1
2 2017 362 3 124.7
2 2017 363 3 124.7
2 2018   2 0 125.4
2 2018   3 0 125.7
2 2018   4 0 125.7
2 2018   5 0 125.7
2 2018   8 0 125.7
2 2018   9 0 125.7
2 2018  10 0 124.0
2 2018  11 0 121.7
2 2018  12 0 124.7
2 2018  16 0 127.3
2 2018  17 0 127.3
2 2018  18 0 130.1
2 2018  19 0 132.4
2 2018  22 0 134.5
2 2018  23 0 131.7
2 2018  24 0 134.3
2 2018  25 0 137.0
2 2018  26 0 137.0
2 2018  29 0 135.3
2 2018  30 0 135.3
2 2018  31 0 132.5
2 2018  32 0 129.6
2 2018  33 0 129.6
2 2018  36 0 132.5
2 2018  37 0 132.5
2 2018  38 0 130.2
2 2018  39 0 132.3
2 2018  40 0 132.8
2 2018  43 0 135.6
2 2018  44 0 135.6
2 2018  45 0 137.5
2 2018  46 0 137.5
2 2018  47 0 140.4
2 2018  51 0 140.4
2 2018  52 0 141.6
2 2018  53 0 141.6
2 2018  54 0 138.7
2 2018  57 0 137.3
2 2018  58 0 140.0
2 2018  59 0 142.7
2 2018  60 0 145.1
2 2018  61 0 145.1
2 2018  64 0 146.3
2 2018  65 0 149.1
2 2018  66 0 151.1
2 2018  67 0 151.1
2 2018  68 0 152.7
2 2018  71 0 154.1
2 2018  72 0 154.1
2 2018  73 0 153.7
2 2018  74 0 153.1
2 2018  75 0 155.6
2 2018  78 0 155.7
2 2018  79 0 158.2
2 2018  80 0 158.2
2 2018  81 0 157.7
2 2018  82 0 158.3
2 2018  85 0 158.3
2 2018  86 0 156.2
2 2018  87 0 158.3
2 2018  88 0 158.3
2 2018  89 0 158.3
2 2018  92 1 158.1
2 2018  93 1 158.8
2 2018  94 1 161.2
2 2018  95 1 160.2
2 2018  96 1 160.6
2 2018  99 1 161.7
2 2018 100 1 159.1
2 2018 101 1 159.1
2 2018 102 1 159.1
2 2018 103 1 161.6
2 2018 106 1 161.6
2 2018 107 1 162.4
2 2018 108 1 162.4
2 2018 109 1 163.7
2 2018 110 1 165.4
2 2018 113 1 165.4
2 2018 114 1 167.4
2 2018 115 1 167.2
2 2018 116 1 167.2
2 2018 117 1 166.5
2 2018 120 1 165.1
2 2018 121 1 164.4
2 2018 122 1 165.4
2 2018 123 1 165.4
2 2018 124 1 165.4
2 2018 127 1 166.5
2 2018 128 1 163.8
2 2018 129 1 166.3
2 2018 130 1 166.3
2 2018 131 1 168.2
2 2018 134 1 170.4
2 2018 135 1 171.1
2 2018 136 1 172.3
2 2018 137 1 172.3
2 2018 138 1 172.3
2 2018 141 1 172.3
2 2018 142 1 172.3
2 2018 143 1 171.0
2 2018 144 1 171.0
2 2018 145 1 172.4
2 2018 149 1 173.4
2 2018 150 1 173.4
2 2018 151 1 173.9
2 2018 152 1 173.9
2 2018 155 1 174.4
2 2018 156 1 174.4
2 2018 157 1 175.1
2 2018 158 1 175.7
2 2018 159 1 176.9
2 2018 162 1 178.9
2 2018 163 1 178.9
2 2018 164 1 180.9
2 2018 165 1 181.8
2 2018 166 1 182.3
2 2018 169 1 185.0
2 2018 170 1 185.4
2 2018 171 1 186.8
2 2018 172 1 188.1
2 2018 173 1 188.1
2 2018 176 1 189.9
2 2018 177 1 187.5
2 2018 178 1 185.3
2 2018 179 1 187.7
2 2018 180 1 186.9
2 2018 183 2 186.1
2 2018 184 2 184.5
2 2018 186 2 185.1
2 2018 187 2 185.1
2 2018 190 2 185.1
2 2018 191 2 186.6
2 2018 192 2 189.5
2 2018 193 2 190.6
2 2018 194 2 188.3
2 2018 197 2 190.0
2 2018 198 2 192.0
2 2018 199 2 190.4
2 2018 200 2 192.0
2 2018 201 2 192.0
2 2018 204 2 189.6
2 2018 205 2 191.8
2 2018 206 2 192.9
2 2018 207 2 193.3
2 2018 208 2 190.7
2 2018 211 2 190.7
2 2018 212 2 190.2
2 2018 213 2 190.2
2 2018 214 2 192.1
2 2018 215 2 192.3
2 2018 218 2 193.9
2 2018 219 2 195.1
2 2018 220 2 198.0
2 2018 221 2 200.8
2 2018 222 2 198.6
2 2018 225 2 198.6
2 2018 226 2 198.8
2 2018 227 2 198.8
2 2018 228 2 201.4
2 2018 229 2 198.5
2 2018 232 2 196.3
2 2018 233 2 196.4
2 2018 234 2 197.4
2 2018 235 2 198.5
2 2018 236 2 198.5
2 2018 239 2 198.5
2 2018 240 2 198.5
2 2018 241 2 196.9
2 2018 242 2 197.8
2 2018 243 2 199.9
2 2018 247 2 198.5
2 2018 248 2 199.8
2 2018 249 2 200.9
2 2018 250 2 202.7
2 2018 253 2 199.8
2 2018 254 2 197.6
2 2018 255 2 196.0
2 2018 256 2 196.9
2 2018 257 2 196.9
2 2018 260 2 195.1
2 2018 261 2 193.7
2 2018 262 2 191.7
2 2018 263 2 194.5
2 2018 264 2 193.2
2 2018 267 2 194.0
2 2018 268 2 196.5
2 2018 269 2 197.8
2 2018 270 2 198.7
2 2018 271 2 196.9
2 2018 274 3 196.9
2 2018 275 3 196.9
2 2018 276 3 196.9
2 2018 277 3 197.5
2 2018 278 3 195.0
2 2018 282 3 195.0
2 2018 283 3 194.9
2 2018 284 3 195.7
2 2018 285 3 195.7
2 2018 288 3 193.4
2 2018 289 3 193.4
2 2018 290 3 195.4
2 2018 291 3 197.7
2 2018 292 3 198.4
2 2018 295 3 201.0
2 2018 296 3 203.8
2 2018 297 3 205.7
2 2018 298 3 206.2
2 2018 299 3 207.7
2 2018 302 3 205.1
2 2018 303 3 206.2
2 2018 304 3 204.1
2 2018 305 3 205.4
2 2018 306 3 205.4
2 2018 309 3 207.0
2 2018 310 3 207.0
2 2018 311 3 205.3
2 2018 312 3 206.3
2 2018 313 3 208.9
2 2018 317 3 206.7
2 2018 318 3 206.7
2 2018 319 3 209.1
2 2018 320 3 209.1
2 2018 323 3 209.1
2 2018 324 3 207.1
2 2018 325 3 207.1
2 2018 327 3 206.0
2 2018 330 3 206.0
2 2018 331 3 203.8
2 2018 332 3 201.1
2 2018 333 3 203.8
2 2018 334 3 205.4
2 2018 337 3 203.8
2 2018 338 3 200.8
2 2018 339 3 200.8
2 2018 340 3 202.6
2 2018 341 3 202.8
2 2018 344 3 205.1
2 2018 345 3 205.1
2 2018 346 3 207.7
2 2018 347 3 209.3
2 2018 348 3 209.3
2 2018 351 3 209.3
2 2018 352 3 210.1
2 2018 353 3 210.1
2 2018 354 3 210.3
2 2018 355 3 210.3
2 2018 358 3 209.9
2 2018 360 3 212.9
2 2018 361 3 214.1
2 2018 362 3 214.1
2 2018 365 3 214.1
2 2019   2 0 214.1
2 2019   3 0 214.4
2 2019   4 0 213.4
2 2019   7 0 215.7
2 2019   8 0 214.8
2 2019   9 0 214.8
2 2019  10 0 214.9
2 2019  11 0 212.4
2 2019  14 0 210.9
2 2019  15 0 209.3
2 2019  16 0 211.5
2 2019  17 0 208.6
2 2019  18 0 208.8
2 2019  22 0 208.8
2 2019  23 0 208.8
2 2019  24 0 207.1
2 2019  25 0 207.1
2 2019  28 0 207.1
2 2019  29 0 204.6
2 2019  30 0 204.6
2 2019  31 0 204.6
2 2019  32 0 204.8
2 2019  35 0 204.8
2 2019  36 0 205.8
2 2019  37 0 205.8
2 2019  38 0 207.2
2 2019  39 0 207.4
2 2019  42 0 209.7
2 2019  43 0 212.2
2 2019  44 0 212.2
2 2019  45 0 212.2
2 2019  46 0 210.0
2 2019  50 0 211.3
2 2019  51 0 213.7
2 2019  52 0 214.1
2 2019  53 0 216.6
2 2019  56 0 216.6
2 2019  57 0 217.0
2 2019  58 0 217.7
2 2019  59 0 215.1
2 2019  60 0 215.1
2 2019  63 0 215.1
2 2019  64 0 215.6
2 2019  65 0 215.6
2 2019  66 0 216.6
2 2019  67 0 216.6
2 2019  70 0 215.0
2 2019  71 0 215.0
2 2019  72 0 216.4
2 2019  73 0 214.3
2 2019  74 0 214.3
2 2019  77 0 214.2
2 2019  78 0 214.2
2 2019  79 0 212.4
2 2019  80 0 212.4
2 2019  81 0 212.4
2 2019  84 0 212.4
2 2019  85 0 212.0
2 2019  86 0 210.5
2 2019  87 0 210.5
2 2019  88 0 210.5
2 2019  91 1 211.0
2 2019  92 1 211.0
2 2019  93 1 211.0
2 2019  94 1 211.0
2 2019  95 1 211.0
2 2019  98 1 208.3
2 2019  99 1 208.7
2 2019 100 1 211.6
2 2019 101 1 211.6
2 2019 102 1 211.6
2 2019 105 1 211.6
2 2019 106 1 214.6
2 2019 107 1 215.7
2 2019 108 1 215.7
2 2019 109 1 218.7
2 2019 112 1 218.7
2 2019 113 1 219.6
2 2019 114 1 220.6
2 2019 115 1 218.2
2 2019 116 1 219.4
2 2019 119 1 221.0
2 2019 120 1 222.8
2 2019 121 1 222.8
2 2019 122 1 222.8
2 2019 123 1 222.2
2 2019 126 1 222.2
2 2019 127 1 222.1
2 2019 128 1 224.8
2 2019 129 1 225.2
2 2019 130 1 223.9
2 2019 133 1 226.2
2 2019 134 1 224.8
2 2019 135 1 224.8
2 2019 136 1 224.8
2 2019 137 1 222.6
2 2019 140 1 220.8
2 2019 141 1 221.5
2 2019 142 1 223.2
2 2019 143 1 224.3
2 2019 144 1 224.3
2 2019 148 1 227.3
2 2019 149 1 225.8
2 2019 150 1 225.8
2 2019 151 1 225.8
2 2019 154 1 228.7
2 2019 155 1 228.3
2 2019 156 1 228.4
2 2019 157 1 228.5
2 2019 158 1 230.6
2 2019 161 1 231.6
2 2019 162 1 230.1
2 2019 163 1 232.7
2 2019 164 1 233.4
2 2019 165 1 230.8
2 2019 168 1 229.9
2 2019 169 1 229.9
2 2019 170 1 230.7
2 2019 171 1 231.6
2 2019 172 1 231.6
2 2019 175 1 230.9
2 2019 176 1 230.9
2 2019 177 1 232.9
2 2019 178 1 234.3
2 2019 179 1 231.8
2 2019 182 2 231.8
2 2019 183 2 233.4
2 2019 184 2 230.7
2 2019 186 2 230.7
2 2019 189 2 231.2
2 2019 190 2 231.2
2 2019 191 2 230.7
2 2019 192 2 232.6
2 2019 193 2 232.1
2 2019 196 2 232.1
2 2019 197 2 234.8
2 2019 198 2 234.8
2 2019 199 2 237.1
2 2019 200 2 239.9
2 2019 203 2 241.7
2 2019 204 2 241.7
2 2019 205 2 244.3
2 2019 206 2 245.0
2 2019 207 2 246.1
2 2019 210 2 247.5
2 2019 211 2 248.3
2 2019 212 2 250.7
2 2019 213 2 250.8
2 2019 214 2 253.1
2 2019 217 2 255.8
2 2019 218 2 256.3
2 2019 219 2 256.3
2 2019 220 2 257.9
2 2019 221 2 257.9
2 2019 224 2 257.9
2 2019 225 2 257.1
2 2019 226 2 254.4
2 2019 227 2 255.0
2 2019 228 2 257.3
2 2019 231 2 257.7
2 2019 232 2 260.3
2 2019 233 2 260.7
2 2019 234 2 262.4
2 2019 235 2 262.4
2 2019 238 2 262.4
2 2019 239 2 262.4
2 2019 240 2 262.4
2 2019 241 2 263.4
2 2019 242 2 264.9
2 2019 246 2 264.9
2 2019 247 2 264.9
2 2019 248 2 266.4
2 2019 249 2 264.0
2 2019 252 2 263.2
2 2019 253 2 261.3
2 2019 254 2 261.3
2 2019 255 2 263.6
2 2019 256 2 263.1
2 2019 259 2 263.1
2 2019 260 2 263.1
2 2019 261 2 265.0
2 2019 262 2 265.6
2 2019 263 2 268.2
2 2019 266 2 267.0
2 2019 267 2 267.0
2 2019 268 2 267.0
2 2019 269 2 269.6
2 2019 270 2 269.6
2 2019 273 2 269.9
2 2019 274 3 268.5
2 2019 275 3 268.5
2 2019 276 3 270.2
2 2019 277 3 270.2
2 2019 280 3 270.7
2 2019 281 3 269.0
2 2019 282 3 269.4
2 2019 283 3 271.3
2 2019 284 3 271.3
2 2019 288 3 271.4
2 2019 289 3 270.5
2 2019 290 3 272.0
2 2019 291 3 272.0
2 2019 294 3 274.3
2 2019 295 3 274.3
2 2019 296 3 276.0
2 2019 297 3 278.5
2 2019 298 3 279.2
2 2019 301 3 281.2
2 2019 302 3 280.0
2 2019 303 3 280.0
2 2019 304 3 282.4
2 2019 305 3 282.4
2 2019 308 3 280.5
2 2019 309 3 280.5
2 2019 310 3 280.5
2 2019 311 3 283.1
2 2019 312 3 281.1
2 2019 316 3 278.2
2 2019 317 3 276.6
2 2019 318 3 278.4
2 2019 319 3 278.4
2 2019 322 3 277.1
2 2019 323 3 276.5
2 2019 324 3 276.5
2 2019 325 3 276.8
2 2019 326 3 278.7
2 2019 329 3 281.5
2 2019 330 3 281.5
2 2019 331 3 281.9
2 2019 333 3 281.9
2 2019 336 3 282.4
2 2019 337 3 282.9
2 2019 338 3 282.9
2 2019 339 3 283.2
2 2019 340 3 283.2
2 2019 343 3 285.9
2 2019 344 3 286.9
2 2019 345 3 286.9
2 2019 346 3 287.3
2 2019 347 3 287.3
2 2019 350 3 287.3
2 2019 351 3 287.3
2 2019 352 3 287.3
2 2019 353 3 288.9
2 2019 354 3 288.9
2 2019 357 3 291.2
2 2019 358 3 291.2
2 2019 360 3 292.8
2 2019 361 3 292.8
2 2019 364 3 292.8
2 2019 365 3 292.8
2 2020   2 0 290.6
2 2020   3 0 292.2
2 2020   6 0 294.5
2 2020   7 0 294.5
2 2020   8 0 294.5
2 2020   9 0 294.9
2 2020  10 0 294.9
2 2020  13 0 294.9
2 2020  14 0 294.9
2 2020  15 0 296.1
2 2020  16 0 299.1
2 2020  17 0 299.8
2 2020  21 0 299.8
2 2020  22 0 299.8
2 2020  23 0 300.1
2 2020  24 0 299.0
2 2020  27 0 301.6
2 2020  28 0 303.8
2 2020  29 0 303.8
2 2020  30 0 300.9
2 2020  31 0 300.9
2 2020  34 0 300.9
2 2020  35 0 301.1
2 2020  36 0 301.1
2 2020  37 0 301.1
2 2020  38 0 301.9
2 2020  41 0 304.2
2 2020  42 0 303.5
2 2020  43 0 303.5
2 2020  44 0 305.6
2 2020  45 0 305.6
2 2020  49 0 305.7
2 2020  50 0 308.6
2 2020  51 0 310.5
2 2020  52 0 310.8
2 2020  55 0 312.8
2 2020  56 0 312.8
2 2020  57 0 313.9
2 2020  58 0 311.9
2 2020  59 0 311.9
2 2020  62 0 312.7
2 2020  63 0 312.7
2 2020  64 0 315.4
2 2020  65 0 315.4
2 2020  66 0 315.4
2 2020  69 0 317.6
2 2020  70 0 320.5
2 2020  71 0 320.5
2 2020  72 0 321.5
2 2020  73 0 321.5
2 2020  76 0 321.5
2 2020  77 0 322.2
2 2020  78 0 323.3
2 2020  79 0 323.3
2 2020  80 0 323.3
2 2020  83 0 323.1
2 2020  84 0 325.3
2 2020  85 0 323.5
2 2020  86 0 324.3
2 2020  87 0 325.7
2 2020  90 0 322.9
2 2020  91 0 322.9
2 2020  92 1 323.7
2 2020  93 1 321.4
2 2020  94 1 318.8
2 2020  97 1 319.4
2 2020  98 1 316.4
2 2020  99 1 318.9
2 2020 100 1 321.6
2 2020 101 1 321.6
2 2020 104 1 322.2
2 2020 105 1 324.0
2 2020 106 1 321.5
2 2020 107 1 323.3
2 2020 108 1 323.3
2 2020 111 1 324.7
2 2020 112 1 325.9
2 2020 113 1 324.8
2 2020 114 1 323.9
2 2020 115 1 325.8
2 2020 118 1 324.1
2 2020 119 1 326.1
2 2020 120 1 326.1
2 2020 121 1 323.8
2 2020 122 1 323.6
2 2020 125 1 321.1
2 2020 126 1 321.5
2 2020 127 1 321.5
2 2020 128 1 320.8
2 2020 129 1 318.1
2 2020 132 1 320.7
2 2020 133 1 322.2
2 2020 134 1 323.9
2 2020 135 1 326.1
2 2020 136 1 326.1
2 2020 139 1 326.1
2 2020 140 1 326.7
2 2020 141 1 326.7
2 2020 142 1 325.2
2 2020 143 1 328.1
2 2020 147 1 328.1
2 2020 148 1 328.1
2 2020 149 1 329.5
2 2020 150 1 331.8
2 2020 153 1 331.8
2 2020 154 1 332.8
2 2020 155 1 332.8
2 2020 156 1 334.6
2 2020 157 1 333.8
2 2020 160 1 333.8
2 2020 161 1 332.1
2 2020 162 1 332.1
2 2020 163 1 334.7
2 2020 164 1 335.5
2 2020 167 1 336.9
2 2020 168 1 337.8
2 2020 169 1 335.5
2 2020 170 1 335.8
2 2020 171 1 337.5
2 2020 174 1 335.9
2 2020 175 1 335.9
2 2020 176 1 335.9
2 2020 177 1 337.0
2 2020 178 1 337.7
2 2020 181 1 337.7
2 2020 182 1 340.0
2 2020 183 2 341.4
2 2020 184 2 343.2
2 2020 188 2 343.4
2 2020 189 2 343.4
2 2020 190 2 341.8
2 2020 191 2 342.2
2 2020 192 2 342.1
2 2020 195 2 340.4
2 2020 196 2 340.5
2 2020 197 2 340.6
2 2020 198 2 341.3
2 2020 199 2 341.3
2 2020 202 2 339.1
2 2020 203 2 339.4
2 2020 204 2 336.9
2 2020 205 2 338.7
2 2020 206 2 340.2
2 2020 209 2 340.5
2 2020 210 2 340.5
2 2020 211 2 340.5
2 2020 212 2 342.9
2 2020 213 2 342.9
2 2020 216 2 343.3
2 2020 217 2 344.4
2 2020 218 2 346.7
2 2020 219 2 347.6
2 2020 220 2 349.3
2 2020 223 2 349.9
2 2020 224 2 349.9
2 2020 225 2 349.9
2 2020 226 2 351.4
2 2020 227 2 351.4
2 2020 230 2 353.1
2 2020 231 2 354.7
2 2020 232 2 351.8
2 2020 233 2 352.4
2 2020 234 2 353.6
2 2020 237 2 356.4
2 2020 238 2 357.0
2 2020 239 2 357.0
2 2020 240 2 357.4
2 2020 241 2 356.5
2 2020 244 2 356.1
2 2020 245 2 356.1
2 2020 246 2 356.1
2 2020 247 2 358.9
2 2020 248 2 358.9
2 2020 252 2 360.5
2 2020 253 2 362.7
2 2020 254 2 363.1
2 2020 255 2 362.9
2 2020 258 2 364.1
2 2020 259 2 367.0
2 2020 260 2 368.6
2 2020 261 2 370.6
2 2020 262 2 372.3
2 2020 265 2 375.1
2 2020 266 2 375.1
2 2020 267 2 375.4
2 2020 268 2 377.6
2 2020 269 2 378.0
2 2020 272 2 380.0
2 2020 273 2 380.0
2 2020 274 2 381.9
2 2020 275 3 382.7
2 2020 276 3 382.7
2 2020 279 3 382.7
2 2020 280 3 384.1
2 2020 281 3 384.8
2 2020 282 3 387.2
2 2020 283 3 389.9
2 2020 287 3 389.9
2 2020 288 3 389.1
2 2020 289 3 391.2
2 2020 290 3 390.5
2 2020 293 3 389.1
2 2020 294 3 388.3
2 2020 295 3 389.5
2 2020 296 3 391.4
2 2020 297 3 391.4
2 2020 300 3 391.4
2 2020 301 3 391.4
2 2020 302 3 393.1
2 2020 303 3 393.9
2 2020 304 3 393.5
2 2020 307 3 393.5
2 2020 308 3 391.7
2 2020 309 3 393.7
2 2020 310 3 396.7
2 2020 311 3 396.7
2 2020 314 3 397.5
2 2020 315 3 396.1
2 2020 317 3 397.8
2 2020 318 3 398.0
2 2020 321 3 395.9
2 2020 322 3 396.0
2 2020 323 3 393.1
2 2020 324 3 393.7
2 2020 325 3 393.7
2 2020 328 3 390.9
2 2020 329 3 393.5
2 2020 330 3 396.0
2 2020 332 3 396.0
2 2020 335 3 398.8
2 2020 336 3 398.8
2 2020 337 3 398.8
2 2020 338 3 399.1
2 2020 339 3 401.1
2 2020 342 3 402.1
2 2020 343 3 402.1
2 2020 344 3 402.1
2 2020 345 3 402.7
2 2020 346 3 402.7
2 2020 349 3 402.7
2 2020 350 3 401.7
2 2020 351 3 403.6
2 2020 352 3 403.7
2 2020 353 3 403.7
2 2020 356 3 402.5
2 2020 357 3 401.8
2 2020 358 3 402.3
2 2020 359 3 404.5
2 2020 363 3 404.1
2 2020 364 3 404.1
2 2020 365 3 404.1
2 2020 366 3 405.7
